#cave snowcave

#color[13]

#survey ^metro16msu
#survey_title Метрострой 2016, МГУ
#survey_team Ковешников П. Янина А.
#survey_date 08,09 января 2016 г. 
%#declination[6.63] 

#data_order L Az An
#from_to 
#walls_from



2 YK1 3.74	6 -22 #com над входом в зале 5 на 7 
YK1 - 1.46 0 -90
YK1 - 2.5 240	0
YK1 - 2 80 0
YK1 - 1.3 120 55

2 3 4.9 200 33.7
2 - 4.2 260 0 
2 - 5.4 90 28
2 - 7 - 90
2 - 1.4 - -90

3 4 5.57 228 26
3 - 0 0 0
3 - 4.7 90 -49
3 - 8.8 100 57
3 - 6.4 - 90
3 - 4 300 48 
3 - 4.9 295 -28 

4 5 10.5 205 -1
4 - 0 0 0
4 - 8 270 -37
4 - 4.2 290 38
4 - 4.6 300 63
4 - 11.8 60 74 %com вода сверху
4 - 3 100 23.5 

5 6 4.8 116 41.5
5 - 5.9 60 6
5 - 4 70 31 
5 - 1.8 - 90
5 - 2.7 210 20 
5 - 5.8 260 -23
5 - 2.5 310 -41
4 - 2 50 -32

6 7 5.5 110 34.8 #com глыбка на входе пбл
6 - 0 0 0
6 - 2.6 20 -10
6 - 5 20 1
6 - 1.2 - 90 
6 - 3 205 11 
6 - 4.5 200 22


7 8 5.1 130 1  
7 - 0.7 - -90
7 - 1.9 10 31.7
7 - 2 225 31 % + - ?????????
7 - 9.5 190 -19
7 - 2.3 203 2.3

8 9 8 55 -6.6
8 - 0.45 - 90
8 - 1.6 - -90
8 - 7.5 225 -23
8 - 10.4 350 44

9 10 9 87 -8
9 - 1.2 - -90
9 - 3.2 - 90
9 - 7.6 4 47
9 - 4.2 155 -21
9 - 4.5 155 2.8
9 - 1.7 165 17

10 11 7.2 20 -4.3
10 - 1.7 - -90
10 - 0.5 - 90
10 - 2.8 155 10
10 - 5 104 18
10 - 3.6 310 17
10 - 12.5 315 33
10 - 6.6 320 44

11 12 5.5 334 -15
11 - 0 0 90
11 - 2.2 - -90
11 - 6.7 315 1
11 - 6 50 -20

8 13 3.8 132 -15
13 14 5.4 120 14
13 - 0 - 90
13 - 1 - -90
13 - 6.5 232 -3
13 - 5.6 66 -3
13 - 7 66 7

14 15 6.2 126 18.4
14 - 0 - 90
14 - 1.1 - -90
14 - 8.7 65 3
14 - 8 225 -2

15 16 2.9 135 55.3
15 - 1.2 - 90
15 - 1.4 - -90
15 - 3.6 80 9.7
15 - 2.7 260 10.7

16 17 4 103 12.2
16 - 0 - 90
16 - 1.5 - -90
16 - 2.3 70 18.4
16 - 1.2 185 -1.4

17 18 4 63 40
17 - 1.7 - 90
17 - 0.6 - -90
17 - 1.16 78 7
17 - 3 2 -30

18 19 2.8 104 28 #com тур с мишурой
18 - 0.1 - 90
18 - 1 - -90
18 - 0.9 355 -41
18 - 1.2 190 45

 

19 20 3.13 86.5 13.6 
19 - 1.5 250 0 
19 - 0.9 - 90
19 - 0.7 - -90
19 - 1.9 53 17

20 21 2.9 113 -3.7
20 - 1.6 - 90
20 - 0.5 - -90
20 - 1.8 180 30.8
20 - 0.5 15 55

21 22 3.4 92 25.8
21 - 0 - -90
21 - 0.5 - 90
21 - 1 45 -3.5
21 - 1.2 235 38.5

22 23 5.7 80 -15 #com 23 - репер 36 снежной 2ой спинт навески. Вода льет с потолка из завала
22 - 0 0 0
22 - 2.8 141 62.6
22 - 0.46 350 31
22 - 1.7 350 -56



23 24 13.6 109 -29.3 
23 - 0 0 0
23 - 4 174 52
23 - 4 309 -56.8 
23 - 1.2 227 -50.7

19 25 3.3 218 11.5

25 26 3.3 242.5 33.3
25 - 1.7 320 -38
25 - 0.88 148 -48
25 - 4.5 154 65.2

26 27 3.19 244 -2.9
26 - 0 0 0
26 - 3.6 160 52
26 - 1.6 132 30.8

27 28 2.37 278 -20.3 #com плита
27 - 0 0 0
27 - 1.9 319 -44.5
27 - 5.5 190 57

28 29 5.6 278 -50 
28 - 0 0 0
28 - 1.6 190 -3.6
28 - 2 250 50
28 - 0.7 49 -30.4

29 30 3 244 -50
29 - 0 0 0
29 - 1.5 - -90
29 - 0.7 170 -5.3
29 - 1.5 219 22

30 31 3 290 -25.8
30 - 0 0 0
30 - 2.9 343 -27 
30 - 2.3 205 72 
30 - 5.5 213 45
30 - 2.3 164 43

31 32 2.4 258 -58.6
31 - 0 0 0
31 - 0.7 - -90
31 - 1 203 53.7 
31 - 0.43 168 -30

32 33 3.25 285 -37.7
32 - 0 0 0
32 - 1.2 10 -5.2
32 - 0.8 - 90
32 - 1.5 230 39

33 34 2.1 273 -39  #com желтый маркера с люверсом
33 - 0.4 192 34.7
33 - 0.4 - 90
33 - 0.7 - -90
33 - 2 62 8

34 35 4 24 11.3  #com срезка
34 - 0 0 0
34 - 0.9 - 90
34 - 2.7 60 30.2
34 - 4.4 223 14


35 36 1.3 43 76  
35 - 2.8 130 16
35 - 0.9 262 15
35 - 0.83 190 44.6
35 - 0.7 20 -38

36 37 3.46 27 -13.6
36 - 0 0 0
36 - 0.7 10 -45
36 - 4.4 108 11
36 - 6 290 -17

37 38 1.64 356 -23 
37 - 0 0 0
37 - 0.75 - 90
37 - 7.2 110 16.7
37 - 5.7 260 -13.7

38 8 4 339 19
38 - 4.6 254 -9.4
38 - 0 0 0
38 - 0.7 - 90
38 - 12.4 119 17.1

34 39 2.18 224 16.3

39 40 4.7 241 -26
39 - 0 0 0
39 - 0.8 - -90
39 - 2.2 304 -12.4
39 - 1.66 165 26

40 41 7.4 278 -25.8
40 - 0 0 0
40 - 0.87 - 90
40 - 4.6 355 -9.4
40 - 13.7 220 1

41 42 9 236 -20.3
41 - 0.5 - 90
41 - 0.3 - -90
41 - 5.8 19 0
41 - 9.5 208 -6.5

42 43 4.2 201 -3.2  % турик
42 - 0.4 - 90 
42 - 0.3 - -90
42 - 10 320 -20.6
42 - 7 154 17.5

43 44 8 209 -3.4
43 - 0.66 - +90
43 - 0.3 - -90
43 - 4.4 287 -12.4
43 - 5.3 140 22.2

44 45 5.6 231 -16.1
44 - 0.3 - -90
44 - 1 - 90
44 - 4.6 117 30.3
44 - 12.8 265 -22.8

45 46 6.6 252 -21.9
45 - 1.7 - 90
45 - 0.7 - -90
45 - 7.3 185 -1.5
45 - 7.4 192 17
45 - 4.8 326 0
45 - 3 300 27.5

46 47 10.5 236 -35
46 - 3 - 90
46 - 0.6 - -90
46 - 8.8 166 1.2
46 - 6 165 36.6
46 - 8.5 338 -13

47 48 6 202 -15.7 #com ход непальских осликов
 
48 49 2.3 120 -37
49 50 0.9 230 -54.5
50 51 2.4 146 27.8
51 52 3.5 194 -3.3
52 53 2 200 -26.3
53 54 3.1 238 4.6
54 55 3.5 238 22.5
55 56 4.4 226 -18.3
56 57 4 263 7.3

47 58 5.2 302 -20.5
47 - 4.2 - 90
47 - 0 0 -90
47 - 5.6 337 5.7 
47 - 6 180 -5 
47 - 5.2 215 15.4

58 59 4.5 247 -49.5
58 - 0.7 - 90
58 - 5.1 232 -39.3
58 - 2.3 193 -54
58 - 4.1 342 -14
58 - 1.4 43 -7 

59 60 6.3 255 -56 
59 - 0 - 90
59 - 1.5 - -90
59 - 1 210 -36
59 - 0.9 315 -40

60 61 2.1 54 -3.2
60 - 0.3 295 6.2
60 - 1.8 50 20
60 - 3.2 115 21.3
60 - 2 195 7.3

61 62 2.47 309 -53.8
61 - 0.6 285 -19.8
61 - 0.6 192 -21
61 - 0.6 98 -26
61 - 0.78 349 -5.4

62 63 3.4 179 -46.3
62 - 0.2 - -90
62 - 4 205 -20.8
62 - 1.6 295 33.3
62 - 1.9 15 24.1

63 64 1.5 349 -44
63 - 0 0 0
63 - 1.7 10 -19.4
63 - 1.36 94 -4.2

64 65 2 270 -85 #com кисаиося 
64 - 0 0 0
64 - 0.4 240 -13.4
64 - 0.5 13 7.3
64 - 1.2 292 -42

65 66 1.58 72 -2.2 

66 67 2.17 9 -28.2 #com кисаиося 
66 - 2.17 9 -28.2
66 - 0 0 0
66 - 1.3 222 63.6
66 - 1.8 295 -46.4

67 68 4.2 358 -71.6 
67 - 0 0 0
67 - 0.5 200 -42.6
67 - 0.6 145 -55.7

68 69 1.1 99 -7.1
68 - 1.7 133 53.7
68 - 1.9 252 -15.8
68 - 1.7 321 -27.4
68 - 1.3 3 49.3

69 70 2 138 -28.3
69 - 0.2 - 90
69 - 0 0 0
69 - 0.8 235 4.5
69 - 0.8 218 -63.8

70 71 1.96 18 -32.2
70 - 0.5 - 90
70 - 0.8 - -90
70 - 0.3 222 15.7
70 - 1 350 41.7
70 - 1 352 -30.6

71 72 2.33 36 -22.9
71 - 0.3 - 90
71 - 0.67 - -90
71 - 0.7 90 0

72 73 3.8 80 -48
72 - 0.5 - 90
72 - 1.8 18 -50.5
72 - 1 155 20
72 - 1.6 151 -60.7

73 74 3.4 5 13.4 
73 - 0 0 -90
73 - 2.7 - 90
73 - 1.3 345 -8.7
73 - 1.8 105 51.5

74 75 2.3 253 4
74 - 0.2 - -90
74 - 1.8 130 74.3
74 - 1.23 245 74.4
74 - 2.3 32 29.6

75 76 4.2 298 -30.9
75 - 0 0 0
75 - 1 325 70.6 
75 - 1.3 335 -41
75 - 0.9 165 79

76 77 6.8 288 -61.5 #com первая лесенка
76 - 1.3 - 90
76 - 2.4 30 -64
76 - 3 20 26.6
76 - 3.4 49 -15
76 - 2.48 190 33
76 - 0.8 120 -56

77 78 4.9 263 -36 
77 - 0 0 0
77 - 1.5 - 90
77 - 1.4 336 49
77 - 1.7 210 47.3
77 - 0.9 228 -20.6 

78 79 7 198 -13
78 - 0 0 0
78 - 3 355 -6
78 - 8 335 -46.2
78 - 2 - -90
78 - 5.2 160 27.4
78 - 3 150 -24.8

79 80 2.64 279 9.4
79 - 0 0 0
79 - 2.78 - 90
79 - 1 280 0
79 - 1.1 60 50.8

80 81 4.9 245 -11.2
80 - 0.4 - 90
80 - 0.65 - -90
80 - 1.4 310 -35.7
80 - 2.8 108 56.8

81 82 3.1 273 -6.7
81 - 1.5 - 90
81 - 0.6 - -90
81 - 1.7 348 -26.5
81 - 2 348 47.1

82 83 4.7 262 -41.8
82 - 0.7 - 90
82 - 0.6 - -90
82 - 0 0 0
82 - 0.3 165 0

83 84 5.4 275 -11.7
83 - 1.5 - 90
83 - 1.4 - -90
83 - 0.5 358 0 
83 - 0.2 174 0

84 85 6.58 273 -36.2
84 - 1.2 - -90
84 - 2.6 - 90
84 - 1 350 0
84 - 0.7 170 0

85 86 6.3 309 -6
85 - 0.5 - -90
85 - 1.7 - 90
85 - 2 20 0
85 - 1 200 0

86 87 5 246 24 
86 - 0 0 0
86 - 0.3 185 40.2
86 - 1.5 185 -18 

87 88 9.4 265 58
87 - 0 0 0
87 - 1.5 355 15.2
87 - 1.5 170 53.5
87 - 0.77 53 51.9

88 89 2 0 23
88 - 0 0 0
88 - 0.9 320 20.9 
88 - 0.9 40 57.3

89 90 2.28 273 38.3
89 - 0.2 - 90
89 - 0.4 - -90
89 - 0.5 240 0

90 91 2.3 0 69
90 - 0 0 0
90 - 0.8 10 0
90 - 0.7 350 0 
90 - 0.3 100 0

91 92 3.3 6 24
91 - 0 0 0
91 - 0.8 - -90
91 - 0.6 60 0 

92 93 1.7 5 18.4
92 - 0.7 - 90
92 - 0.8 - -90
92 - 0.6 100 0

93 94 3 335 -10.6
93 - 0 0 0
93 - 0.8 - -90
93 - 1 243 -46.6
93 - 1.5 243 45

94 95 5.26 359 -29.3
94 - 0 0 0
94 - 1.2 271 0
94 - 2 271 59

%09 01 Янина Ковешников

95 96 6.47 318 21.6
95 - 4 - 90
95 - 0 0 -90
95 - 1.18 250 0
95 - 4 55 -39
95 - 5.5 245 65.6

96 97 2.44 209 50.6
96 - 1.3 186 3.3
96 - 0 0 0
96 - 3.2 186 50.2
96 - 1.8 350 50.3
96 - 1 0 -42.1

97 98 2.7 273 8.5
97 - 2.43 347 10.9
97 - 3 10 -44
97 - 1.17 120 -75
97 - 1.14 150 68.2

98 99 4.98 304 24.8
98 - 0 0 0
98 - 3 0 90
98 - 4.7 15 -26.5
98 - 2.3 15 26.1
98 - 11 160 30.2

99 100 7 201 43.1
99 - 1.5 166 -28.8 
99 - 1.3 152 57
99 - 2 295 51.6
99 - 1.3 302 -38.2

100 101 2.46 285 33.1  #com веревка с узелками 
100 -  0 0 0
100 - 1.7 0 -90
100 - 3.7 175 -4
100 - 1.5 0 90
100 - 2 319 -50.6
100 - 2 330 13.5

101 102 4 239 39.3 
101 - 1 0 -90
101 - 2 0 90
101 - 0.6 170 0
101 - 0 0 0
101 - 1.2 21 -15.2

102 103 4.64 126 20.6
102 - 6 105 -15.6
102 - 0 0 0
102 - 1.3 - -90
102 - 4.8 242 62.3
102 - 1.76 242 0

103 104 6.3 188 46.8
103 - 1 70 -30.8
103 - 5 255 54.7
103 - 2 255 5.2
103 - 0.87 275 -35.9

104 105 6.7 133 19.6 #com камень с табличкой в тронном
104 - 0.68 240 -51.2
104 - 0.43 340 48.7
104 - 1 90 -70.8

% ZZZ топсъемка тронного зала

#end_survey
